1.000000 -1.000000 1.000000 1.000000 1.000000 1.000000 -0.500000 -0.500000 -0.500000 -0.500000 -0.500000 -0.500000 -0.500000 -0.500000 -0.500000
-1.000000 1.000000 -1.000000 -1.000000 -1.000000 -1.000000 0.500000 0.500000 0.500000 0.500000 0.500000 0.500000 0.500000 0.500000 0.500000
1.000000 -1.000000 1.000000 1.000000 1.000000 1.000000 -0.500000 -0.500000 -0.500000 -0.500000 -0.500000 -0.500000 -0.500000 -0.500000 -0.500000
1.000000 -1.000000 1.000000 1.000000 1.000000 1.000000 -0.500000 -0.500000 -0.500000 -0.500000 -0.500000 -0.500000 -0.500000 -0.500000 -0.500000
1.000000 -1.000000 1.000000 1.000000 1.000000 1.000000 -0.500000 -0.500000 -0.500000 -0.500000 -0.500000 -0.500000 -0.500000 -0.500000 -0.500000
1.000000 -1.000000 1.000000 1.000000 1.000000 1.000000 -0.500000 -0.500000 -0.500000 -0.500000 -0.500000 -0.500000 -0.500000 -0.500000 -0.500000
-0.500000 0.500000 -0.500000 -0.500000 -0.500000 -0.500000 1.000000 -0.950000 -0.880000 0.660000 0.790000 0.400000 0.210000 0.840000 0.860000
-0.500000 0.500000 -0.500000 -0.500000 -0.500000 -0.500000 -0.950000 1.000000 0.980000 -0.400000 -0.570000 -0.100000 0.100000 -0.970000 -0.670000
-0.500000 0.500000 -0.500000 -0.500000 -0.500000 -0.500000 -0.880000 0.980000 1.000000 -0.220000 -0.410000 0.080000 0.280000 -1.000000 -0.520000
-0.500000 0.500000 -0.500000 -0.500000 -0.500000 -0.500000 0.660000 -0.400000 -0.220000 1.000000 0.980000 0.950000 0.870000 0.150000 0.950000
-0.500000 0.500000 -0.500000 -0.500000 -0.500000 -0.500000 0.790000 -0.570000 -0.410000 0.980000 1.000000 0.880000 0.760000 0.340000 0.990000
-0.500000 0.500000 -0.500000 -0.500000 -0.500000 -0.500000 0.400000 -0.100000 0.080000 0.950000 0.880000 1.000000 0.980000 -0.150000 0.810000
-0.500000 0.500000 -0.500000 -0.500000 -0.500000 -0.500000 0.210000 0.100000 0.280000 0.870000 0.760000 0.980000 1.000000 -0.350000 0.670000
-0.500000 0.500000 -0.500000 -0.500000 -0.500000 -0.500000 0.840000 -0.970000 -1.000000 0.150000 0.340000 -0.150000 -0.350000 1.000000 0.460000
-0.500000 0.500000 -0.500000 -0.500000 -0.500000 -0.500000 0.860000 -0.670000 -0.520000 0.950000 0.990000 0.810000 0.670000 0.460000 1.000000
