1.00 0.53 0.22 0.25 0.72 -0.61 0.85 0.85 0.85 -0.85 0.85 0.85 0.85 0.85 0.85 0.00
0.53 1.00 -0.36 -0.17 0.73 -0.82 0.85 0.85 0.85 -0.85 0.85 0.85 0.85 0.85 0.85 0.00
0.22 -0.36 1.00 0.56 -0.06 0.26 0.85 0.85 0.85 -0.85 0.85 0.85 0.85 0.85 0.85 0.00
0.25 -0.17 0.56 1.00 -0.27 0.28 0.85 0.85 0.85 -0.85 0.85 0.85 0.85 0.85 0.85 0.00
0.72 0.73 -0.06 -0.27 1.00 -0.78 0.85 0.85 0.85 -0.85 0.85 0.85 0.85 0.85 0.85 0.00
-0.61 -0.82 0.26 0.28 -0.78 1.00 0.85 0.85 0.85 -0.85 0.85 0.85 0.85 0.85 0.85 0.00
0.85 0.85 0.85 0.85 0.85 0.85 1.00 1.00 1.00 -1.00 1.00 1.00 1.00 1.00 1.00 0.00
0.85 0.85 0.85 0.85 0.85 0.85 1.00 1.00 1.00 -1.00 1.00 1.00 1.00 1.00 1.00 0.00
0.85 0.85 0.85 0.85 0.85 0.85 1.00 1.00 1.00 -1.00 1.00 1.00 1.00 1.00 1.00 0.00
-0.85 -0.85 -0.85 -0.85 -0.85 -0.85 -1.00 -1.00 -1.00 1.00 -1.00 -1.00 -1.00 -1.00 -1.00 0.00
0.85 0.85 0.85 0.85 0.85 0.85 1.00 1.00 1.00 -1.00 1.00 1.00 1.00 1.00 1.00 0.00
0.85 0.85 0.85 0.85 0.85 0.85 1.00 1.00 1.00 -1.00 1.00 1.00 1.00 1.00 1.00 0.00
0.85 0.85 0.85 0.85 0.85 0.85 1.00 1.00 1.00 -1.00 1.00 1.00 1.00 1.00 1.00 0.00
0.85 0.85 0.85 0.85 0.85 0.85 1.00 1.00 1.00 -1.00 1.00 1.00 1.00 1.00 1.00 0.00
0.85 0.85 0.85 0.85 0.85 0.85 1.00 1.00 1.00 -1.00 1.00 1.00 1.00 1.00 1.00 0.00
0.00 0.00 0.00 0.00 0.00 0.00 0.00 0.00 0.00 0.00 0.00 0.00 0.00 0.00 0.00 1.00
