1.00 -1.00 1.00 1.00 1.00 1.00 -0.50 -0.50 -0.50 -0.50 -0.50 -0.50 -0.50 -0.50 -0.50 0.00
-1.00 1.00 -1.00 -1.00 -1.00 -1.00 0.50 0.50 0.50 0.50 0.50 0.50 0.50 0.50 0.50 0.00
1.00 -1.00 1.00 1.00 1.00 1.00 -0.50 -0.50 -0.50 -0.50 -0.50 -0.50 -0.50 -0.50 -0.50 0.00
1.00 -1.00 1.00 1.00 1.00 1.00 -0.50 -0.50 -0.50 -0.50 -0.50 -0.50 -0.50 -0.50 -0.50 0.00
1.00 -1.00 1.00 1.00 1.00 1.00 -0.50 -0.50 -0.50 -0.50 -0.50 -0.50 -0.50 -0.50 -0.50 0.00
1.00 -1.00 1.00 1.00 1.00 1.00 -0.50 -0.50 -0.50 -0.50 -0.50 -0.50 -0.50 -0.50 -0.50 0.00
-0.50 0.50 -0.50 -0.50 -0.50 -0.50 1.00 -0.95 -0.88 0.66 0.79 0.40 0.21 0.84 0.86 0.00
-0.50 0.50 -0.50 -0.50 -0.50 -0.50 -0.95 1.00 0.98 -0.40 -0.57 -0.10 0.10 -0.97 -0.67 0.00
-0.50 0.50 -0.50 -0.50 -0.50 -0.50 -0.88 0.98 1.00 -0.22 -0.41 0.08 0.28 -1.00 -0.52 0.00
-0.50 0.50 -0.50 -0.50 -0.50 -0.50 0.66 -0.40 -0.22 1.00 0.98 0.95 0.87 0.15 0.95 0.00
-0.50 0.50 -0.50 -0.50 -0.50 -0.50 0.79 -0.57 -0.41 0.98 1.00 0.88 0.76 0.34 0.99 0.00
-0.50 0.50 -0.50 -0.50 -0.50 -0.50 0.40 -0.10 0.08 0.95 0.88 1.00 0.98 -0.15 0.81 0.00
-0.50 0.50 -0.50 -0.50 -0.50 -0.50 0.21 0.10 0.28 0.87 0.76 0.98 1.00 -0.35 0.67 0.00
-0.50 0.50 -0.50 -0.50 -0.50 -0.50 0.84 -0.97 -1.00 0.15 0.34 -0.15 -0.35 1.00 0.46 0.00
-0.50 0.50 -0.50 -0.50 -0.50 -0.50 0.86 -0.67 -0.52 0.95 0.99 0.81 0.67 0.46 1.00 0.00
0.00 0.00 0.00 0.00 0.00 0.00 0.00 0.00 0.00 0.00 0.00 0.00 0.00 0.00 0.00 1.00
